0 12.236542494711522 1.1103603494779455 10.934140106455622 12.412655267693962 11.985282139488078 3.1262099116444055 4.867777731910184 8.255729253690658 14.902412210101325 15.482993460630706 14.690459102993836 9.553817264870798 14.32580988321002 8.46124297498357 14.34393774520738 3.53118116036194 13.319502387445848 13.841965173125201 14.590903800626688 10.202810795249349 15.816673253982504 5.272748980627718 16.164499669447956 13.841965173125201 14.314656458858742 8.866214223701103 10.607782043966882 16.963285855188023 17.552533714955977 8.660700502408192 17.966001154747353 9.958788513588331 17.718291050578763 11.339111355173156 14.006866859808138 16.509913879808362 18.089242810230015 13.635521215462994 14.498367357637811 16.531989429578235 17.42737403034255 14.168857830599931 17.44815332896354 14.88067532680214 18.169500461855794 15.592453729274173 16.15900050673911 17.154651656627117 17.86082447007353 16.04979812658549 16.27136858364873 17.757520968756996 18.146876205660554 17.259205872624825 18.266022760192403 17.916554753368047 18.36446090350085 18.679112293113484 18.722088804192705 
12.236542494711522 0 12.017480450867003 4.348336484191223 2.57513330812753 0.8751655203689871 9.110332583067116 7.671666688594981 5.79469520793991 4.138578857548804 4.693795638009723 3.5803424838747455 5.595365651630626 2.8404908463686653 6.65125636261621 2.9456675310424862 11.429773838799207 4.836902271500583 4.48116370064151 3.311370100844276 7.333068079592417 4.461095978354363 11.929050922259433 4.879761064341609 6.552231512506985 6.2605640665152755 11.31160861140478 10.087464157685837 6.454458781673703 6.436779129021194 12.865566052913138 7.070724090062887 12.309215141699166 7.597846524680597 14.164220753286608 10.79487219962627 9.028061972342792 8.866580923349606 12.552980106711287 11.206369572907173 9.710823558657893 9.45378258037549 12.93478774771522 10.121941365096577 15.541562636560542 11.502917065531024 14.84583505339779 13.573422098265391 12.573888245797665 12.258198773469168 15.970337666088858 14.951011738071612 13.150628619089732 13.046921174875804 16.872433187813932 14.975430005547908 17.387358917510984 16.277799429277287 18.707353488882312 18.409854317240423 
1.1103603494779455 12.017480450867003 0 11.339111355173156 12.817626516411497 12.390253388205611 3.53118116036194 5.272748980627718 8.660700502408192 14.951229077011584 15.07802221191317 14.928669060284127 9.958788513588331 14.519553568450364 8.866214223701103 14.551805315723461 3.1262099116444055 13.635521215462994 14.168857830599931 14.995875049344221 10.607782043966882 15.84661807629598 4.867777731910184 16.56947091816549 14.006866859808138 14.498367357637811 8.46124297498357 10.202810795249349 17.154651656627117 17.757520968756996 8.255729253690658 18.05238271617759 9.553817264870798 17.86082447007353 10.934140106455622 13.841965173125201 16.531989429578235 18.169500461855794 13.319502387445848 14.314656458858742 16.509913879808362 17.44815332896354 13.841965173125201 17.42737403034255 14.393824122022362 18.089242810230015 15.183891038661528 15.861358310418787 16.963285855188023 17.718291050578763 15.585951908677364 15.88454526861123 17.552533714955977 17.966001154747353 16.792190103775706 17.966001154747353 17.44815332896354 17.986228996371864 18.169500461855794 18.23208480738951 
10.934140106455624 4.348336484191223 11.33911135517316 0 5.5196737112993475 5.22350200456021 7.8079301948112185 6.06636237454544 2.678410852764965 8.009430653706708 8.173949320932348 7.928678968065968 2.0931040252221056 7.188827330559889 3.3911920364022445 7.294004015233709 10.557153031311504 4.3188077301662515 4.899330336921511 7.659706585035499 4.6803228843750615 8.809432462545587 11.23896474828771 9.228097548532832 6.7123637558770906 7.29288636263235 9.08352189959261 8.071514920777306 10.059643464177014 10.440867547461293 11.170762940275756 11.041854463900561 10.381609910772749 11.19266798531943 12.474713935994854 11.62257260704929 11.429591981892361 12.148326221868114 12.926218186067228 12.064517737320761 11.912943792705908 12.1855549103521 13.406366858005546 12.637990345016751 15.701132175594651 13.886238873738101 15.364494213048868 14.578096722301094 14.216159504565297 14.27834946784826 16.374608229819138 15.661036699161784 14.864664667606434 14.940252249199403 17.428444152879077 16.3544658115725 18.015741151503352 17.33365053140119 19.22706095339393 19.016206953188263 
12.412655267693962 2.57513330812753 12.817626516411497 5.5196737112993475 0 3.450298828496517 9.286445356049557 10.246799996722512 8.198084564064313 2.489756942407362 5.2495937980570355 6.155475792002275 7.612777736521453 2.678410852764965 8.910865747701592 3.876232600456093 11.609381778375159 3.706732518399665 3.1262099116444055 5.886503408971806 9.702861258440258 6.020938102769302 12.170057076373471 7.4548943724691386 5.717484604660548 5.519765937355245 11.726913578120326 10.618374599637953 8.685293260561565 8.91054772272814 13.243029785643158 9.560905336287616 12.786728365632252 9.892168526518224 14.635271080835214 10.871919918798916 10.705965337683292 11.030731148326307 13.265475944509756 11.069638586104219 11.303647318529435 11.330047184940305 13.463194611815059 11.899127687457788 16.176934855817056 13.238975067800109 15.65333117281217 14.614163172310896 13.932942366236942 13.813272630226127 16.728987726222712 15.855747283184233 14.55648030610078 14.546114616578725 17.713106276141257 16.225691589971362 18.267789436641756 17.370586795439202 19.53854174190843 19.2836379587708 
11.985282139488078 0.8751655203689871 12.390253388205611 5.22350200456021 3.450298828496517 0 8.859072227843672 7.413861555893389 5.523547462806658 3.6386157549020814 3.818630117640736 2.7051769635057585 5.24159183836741 2.3405277437219425 6.2844549468845265 2.3586556057193033 11.104230702724541 4.362513497445151 3.9842773353168623 2.6056216611386094 6.883171321190184 3.8313911144944264 11.548279013603706 4.179217529959878 5.994098792825416 5.683836142304399 10.857614648733707 9.604444954805414 5.782104837118041 5.750696832691299 12.420752922602748 6.380667224678976 11.833865739121558 6.915129358260455 13.68690147939108 10.233142869019217 8.381833007914885 8.186447457380883 12.020946901817348 10.633583610610234 9.069386297703538 8.790030444993736 12.39169151769525 9.463450565830248 15.020193579733055 10.844155523471072 14.291120543617799 12.983852528046825 11.947137466054457 11.612839009358998 15.422858857738179 14.379470885890612 12.517776341455448 12.405200939570687 16.308763646578505 14.35646155041731 16.816321283471712 15.676611256155526 18.14338904355056 17.83895811867973 
3.1262099116444055 9.110332583067116 3.53118116036194 7.807930194811218 9.286445356049557 8.859072227843672 0 1.7415678202657783 5.129519342046253 11.77620229845692 12.4489289415462 11.56424919134943 6.427607353226392 11.199599971565615 5.3350330633391625 11.217727833562975 4.441441397911782 10.442219793287164 10.938765373449039 11.464693888982282 7.076600883604941 12.690463342338099 4.6803228843750615 13.03828975780355 11.01733429054513 11.467533649816913 8.273788127448446 10.015355947714223 14.101383322804448 14.60976906053497 8.068274406155536 15.111279107639735 9.366362417335676 14.902544859641388 10.7466852589205 11.894319942392798 13.884575356853082 15.355118467114512 12.06162171077537 12.428885743579203 13.996206638130626 14.797368174967566 12.61421005311228 14.900925738292095 14.007569241583894 15.751253671489849 14.324461667394411 14.429638352068231 15.049934556730111 15.605622567536267 15.022602449645492 14.889643962047225 15.685576670065757 15.997845238374481 16.215256679306513 16.504836843753196 16.865299348747048 16.903035188165937 17.824940407355825 17.76586254497102 
4.867777731910184 7.671666688594981 5.272748980627718 6.06636237454544 10.246799996722512 7.413861555893389 1.7415678202657783 0 3.3879515217804745 11.05247731079547 10.707361121280423 10.119038519399147 4.6860395329606135 9.754389299615331 3.5934652430733847 9.772517161612692 4.6803228843750615 8.700651973021385 9.281174579776645 10.019483217031999 5.3350330633391625 11.245252670387815 6.421890704640839 11.593079085853267 11.094207998732223 11.674730605487483 9.122338651684998 8.273788127448446 12.68387787869818 13.164558388584688 9.809842226421313 13.703851439776187 10.420426662865138 13.569262946377735 12.304825843047148 11.41816754556843 12.830709266416253 14.143993506532325 11.996274049811598 11.969569653282695 13.044924196741128 13.725232729733296 12.539743419809184 13.923076797464505 14.301779265892346 14.898350557063882 14.381539500964312 14.176423628664107 14.491320233627196 14.907422924333416 15.205496541315519 14.861313860629453 15.1432674378806 15.387197283998557 16.36443624106981 16.189158256812988 16.99962016763665 16.78657176155619 18.057752217126193 17.943445582160326 
8.255729253690658 5.79469520793991 8.660700502408194 2.678410852764965 8.198084564064313 5.523547462806658 5.129519342046253 3.3879515217804745 0 9.16216321770874 7.3789333068903815 7.228452942988225 1.298088011180139 7.8640752065286 2.482841220953109 7.8822030685259605 8.068274406155536 5.312700451240911 5.89322305799617 8.129169123945267 3.53118116036194 9.354938577301084 9.809842226421313 9.702764992766536 7.70625647695175 8.286779083707009 8.211504044737001 6.490440055900694 10.845158326280144 11.274244295497956 10.021621216262634 11.866412763330429 9.473259095323613 11.84371659712731 11.170762940275756 11.13148979069161 11.609567173665488 12.60640774877056 12.196463595339948 11.673696871779523 11.989226925800985 12.435997358954362 12.704703857339924 12.794172636224816 14.841821427782314 13.938136531891331 14.642242306878485 14.058962322932235 13.95902313530585 14.169376504653492 15.595644838914403 15.005850585006993 14.616131564346752 14.761404394107089 16.69165987399756 15.941744281606038 17.29859980874141 16.782219674278398 18.461336800400183 18.28298894377965 
14.902412210101325 4.138578857548804 14.951229077011584 8.009430653706708 2.489756942407362 3.6386157549020814 11.77620229845692 11.05247731079547 9.16216321770874 0 2.7598368556496737 3.873290009784651 8.840682151359916 1.298088011180139 9.409853222640331 1.7415678202657783 11.825019165367179 5.89322305799617 5.312700451240911 5.336512011930551 7.668285402374553 3.53118116036194 12.274378530727066 6.47656695657081 7.047686876876894 6.817265785242106 11.646286626850351 10.439658774571878 7.545919768469533 7.678746984919819 13.197457375705667 8.33651201193055 12.65398733392122 8.752132616652876 14.509351313990125 11.267231334169782 9.84883964689452 9.960168166132936 12.960954634270639 11.704961575363077 10.493552483937023 10.388245990712921 13.361395375861655 11.007685949703014 15.929591905153137 12.375933334772599 15.291704232190027 14.111052309767391 13.256437234701032 13.039099391300882 16.40017586995549 15.435033336968134 13.859086872418768 13.802368111661206 17.334462362890683 15.61344435111119 17.86590929671108 16.845437738052453 19.16792095036717 18.886907415706347 
15.482993460630706 4.693795638009723 15.07802221191317 8.173949320932348 5.2495937980570355 3.818630117640736 12.448928941546201 10.707361121280423 7.3789333068903815 2.7598368556496737 0 1.1134531541349777 6.080845295710242 4.057924866829813 7.113895878207038 4.0146124400607714 11.951812300268765 6.083549124203899 5.695130385690505 4.042557099327587 7.690029714616827 4.809222829399337 12.367457135721923 5.481004286518756 6.84903340095748 6.559840400169335 11.664692716572493 10.41580691417406 6.885627486952569 6.922258773100809 13.227611316029392 7.57117423026823 12.64372957180806 8.060486040271424 14.497326142290628 11.091674088076765 9.386535469072737 9.313702518136186 12.854965322988171 11.503909758143607 10.060297547823474 9.84839812787287 13.233773730257395 10.502775515457603 15.847849360312244 11.882450430651769 15.143058402609553 13.874863211523873 12.901576759619408 12.611282878636878 16.26860126813125 15.248235087283373 13.485143049198625 13.393716497032083 17.169235076264428 15.294531242213104 17.684481380010663 16.58408615302899 19.004155377332804 18.70695110978724 
14.690459102993836 3.5803424838747455 14.928669060284127 7.928678968065968 6.155475792002275 2.7051769635057585 11.56424919134943 10.119038519399147 7.228452942988225 3.873290009784651 1.1134531541349777 0 5.930364931808086 5.045704707227701 6.9584386777848675 5.063832569225061 11.802459148639722 4.970095970068922 4.581677231555528 3.3393734924599094 7.499105519696788 4.4190413445547945 12.203245241219188 4.874907398392647 6.571345646802401 6.259990949235544 11.467946533220651 10.201736449716622 6.4090082455729505 6.401761719904454 13.035155429703662 7.040250617955599 12.433581610506435 7.558752128122848 14.285227319845326 10.809690621747851 8.980924502063175 8.824996208456074 12.601678451979547 11.209738417541377 9.665094596032578 9.405492801735694 12.970290705780474 10.073292033111429 15.603136699743164 11.454267733545873 14.86811564292328 13.561038853072768 12.534707871659784 12.211446007836162 16.000652380882066 14.955625692821757 13.10846890732574 13.001277282150511 16.885085558941086 14.940844001195353 17.39247609040286 16.255807382636206 18.719685285960278 18.41511292561087 
9.553817264870798 5.595365651630626 9.958788513588331 2.0931040252221056 7.612777736521453 5.24159183836741 6.427607353226392 4.6860395329606135 1.298088011180139 8.840682151359916 6.080845295710242 5.930364931808086 0 7.582119582089352 1.298088011180139 7.600247444086714 9.366362417335676 4.0146124400607714 4.595135046816031 7.847213499506019 3.0396558314459172 9.072982952861835 10.420426662865138 9.420809368327287 6.4081684657716105 6.98869107252687 6.990417874370504 5.9784108955552 9.547070315100004 10.04661668523579 9.473259095323613 10.56832475215029 8.288505885550643 10.54562858594717 10.381609910772749 10.083257648037243 10.311479162485348 11.30831973759042 11.338282746600447 10.612025924405117 10.70329394304181 11.137909347774222 11.820960075999034 11.496084625044677 14.119054734081548 12.6623735533896 13.778008816369226 13.03552222804501 12.790618793044523 12.94235077808032 14.785709523440095 14.08394993813409 13.445147573880828 13.561405651414113 15.841312856086368 14.855291526798293 16.43056071585432 15.783629989876257 17.638520615496347 17.4296364866086 
14.32580988321002 2.8404908463686653 14.519553568450364 7.188827330559889 2.678410852764965 2.3405277437219425 11.199599971565615 9.754389299615331 7.8640752065286 1.298088011180139 4.057924866829813 5.045704707227701 7.582119582089352 0 8.624982690606469 1.1978217476911284 11.393343656805959 4.595135046816031 4.0146124400607714 4.946149404860552 8.041431578322708 3.3879515217804745 11.71688676406572 5.96586489070615 6.688239072038136 6.107716465282876 10.94289400654445 9.683379200119074 6.734858889262037 6.923752790422043 12.510520117359611 7.578081512352208 11.912751900540211 7.945212258609677 13.765702570909713 10.400974106279698 8.954237524924974 9.123774575016558 12.133692086532538 10.828845333529955 9.593876343180275 9.510867605999024 12.52070607257144 10.120145463216376 15.120400625432453 11.484504592740516 14.440144115411883 13.224972799430741 12.352550920097709 12.137600414034797 15.558169505879885 14.566100098706691 12.954929815021822 12.899246745079603 16.47538477105885 14.712292732974102 16.999837832442154 15.95387684384744 18.309883611365958 18.021634375275827 
8.461242974983568 6.65125636261621 8.866214223701103 3.3911920364022445 8.910865747701592 6.2844549468845265 5.3350330633391625 3.5934652430733847 2.482841220953109 9.409853222640331 7.113895878207038 6.9584386777848675 1.298088011180139 8.624982690606469 0 8.585177650897359 8.273788127448446 5.312700451240911 5.89322305799617 7.802728301895549 1.7415678202657783 10.115846061378953 9.122338651684998 9.867732899027853 7.70625647695175 8.286779083707009 6.421890704640839 4.6803228843750615 10.146751465581318 10.706917174963209 8.211504044737001 11.16452863153994 6.990417874370504 11.020188740112197 9.08352189959261 10.688452738443823 10.382220642209093 11.614727990811723 10.628194849215893 10.107930131688564 10.665252975748565 11.259254957258818 11.13148979069161 11.515245163351508 13.325705220259483 12.576080084574013 13.074616196063324 12.481732221973306 12.445874340085627 12.718485457731818 14.044474090059087 13.427909126163105 13.10363936709636 13.276097577070292 15.12874127454066 14.379096424942762 15.731390912258398 15.201710903017641 16.907379358891824 16.719850669910606 
14.34393774520738 2.9456675310424862 14.551805315723461 7.294004015233709 3.876232600456093 2.3586556057193033 11.217727833562975 9.772517161612692 7.8822030685259605 1.7415678202657783 4.0146124400607714 5.063832569225061 7.600247444086714 1.1978217476911284 8.585177650897359 0 11.425595404079056 5.792956794507159 5.212434187751899 4.964277266857913 6.84360983063158 2.482841220953109 11.663730576351142 6.537873135679181 7.8860608197292645 7.305538212974005 10.763256389264512 9.449694497425568 5.842638932488878 5.964870053566871 12.3411978481084 6.622635080577602 11.685762474925358 7.045150964972491 13.529314509642912 9.973220243573799 8.243451328679605 8.265393366663988 11.781221603187035 10.371679662099426 8.910132274381688 8.73683703156672 12.1415740095681 9.376475849822022 14.789886188424797 10.752970633616268 14.033169551326974 12.726897469943149 11.741086158612742 11.46173030590294 15.168568063278277 14.117566937379806 12.326411515224882 12.240327111413274 16.04763090835295 14.133499513798942 16.55441733496091 15.4288835554433 17.882129748660063 17.57705417016892 
3.53118116036194 11.429773838799207 3.1262099116444055 10.557153031311504 11.609381778375159 11.104230702724541 4.441441397911782 4.6803228843750615 8.068274406155536 11.825019165367179 11.951812300268765 11.802459148639722 9.366362417335676 11.393343656805959 8.273788127448446 11.425595404079056 0 12.06162171077537 12.416054324245948 12.665903560645067 10.015355947714223 12.720408164651575 1.7415678202657783 14.38482401448474 11.894319942392798 12.428885743579203 5.3350330633391625 7.076600883604941 15.049934556730111 15.215741253665398 5.129519342046253 14.926172804533183 6.427607353226392 15.605622567536267 7.807930194811218 11.01733429054513 13.996206638130626 15.751253671489849 10.442219793287164 11.467533649816913 13.884575356853082 14.900925738292095 10.938765373449039 14.797368174967566 11.68463281925829 15.355118467114512 12.338348055333789 12.954898975498587 14.101383322804448 14.902544859641388 12.82456342245992 13.016562062846685 14.67925129321181 15.111279107639735 14.034916791807564 15.05963914607992 14.692681818818293 15.111279107639735 15.505499151623738 15.52070407009015 
13.319502387445848 4.836902271500583 13.635521215462994 4.3188077301662515 3.706732518399665 4.362513497445151 10.442219793287164 8.700651973021385 5.312700451240911 5.89322305799617 6.083549124203899 4.970095970068922 4.0146124400607714 4.595135046816031 5.312700451240911 5.792956794507159 12.06162171077537 0 0.5805226067552595 6.96813515858376 5.996128740040592 6.516643461654696 10.397482407672443 6.119725531854572 2.393556025710839 2.9740786324660986 9.562333754456455 9.104315734541608 8.409381588440866 7.653256479637891 11.130602500580512 8.207059302216608 10.538886925530871 8.272855939021055 12.39328763868751 8.326232613909768 8.485189930000011 9.17863826548748 10.719788639620607 7.74571000715451 9.007870438593642 9.218223807941284 10.139266032865349 9.695543299347653 13.265475944509754 10.976319434841304 13.199553181291975 12.126441087594142 11.496060765094782 11.449249254410653 14.293281002719937 13.380013245326193 12.12965894880467 12.152107919930616 15.253152786196903 13.754754470491399 15.799261736257858 14.88314586874537 17.082889759438892 16.817321828234814 
13.841965173125201 4.48116370064151 14.168857830599931 4.899330336921511 3.1262099116444055 3.9842773353168623 10.938765373449039 9.281174579776645 5.89322305799617 5.312700451240911 5.695130385690505 4.581677231555528 4.595135046816031 4.0146124400607714 5.89322305799617 5.212434187751899 12.416054324245948 0.5805226067552595 0 6.589898996455472 6.576651346795852 5.936120854899436 10.67448650398017 5.676718905974946 2.9740786324660986 2.393556025710839 9.799163422242314 8.523793127786348 7.966374962561241 7.139805985795603 11.372377488890628 7.72314861149162 10.755098981239597 7.85884492532729 12.606971036935969 7.74571000715451 8.296250809207507 8.843627593272041 10.139266032865349 8.326232613909768 8.861482942396536 8.981666367994704 10.719788639620607 9.502463657390852 13.463194611815059 10.815675891544732 13.320101893641016 12.180014502633213 11.454236894022639 11.348930400798537 14.427256470621092 13.473900378017394 12.078258455649145 12.073547044462451 15.365495919776269 13.7543256360914 15.901408716368923 14.928122264464463 17.198232126752966 16.921601170422853 
14.590903800626688 3.311370100844276 14.995875049344221 7.659706585035499 5.886503408971806 2.6056216611386094 11.464693888982282 10.019483217031999 8.129169123945267 5.336512011930551 4.042557099327587 3.3393734924599094 7.847213499506019 4.946149404860552 7.802728301895549 4.964277266857913 12.665903560645067 6.96813515858376 6.589898996455472 0 6.06116048162977 6.437012775633036 10.924335740379288 2.0650045971323046 4.619469532892511 4.219764929330948 9.872405429220457 8.49856545130679 3.773886988490641 3.6802027062870684 11.452914200481214 4.291752319980069 10.720789789768933 4.850825037373873 12.537275604983726 8.708918820654432 6.46628326578568 6.126624053134499 10.619701489707623 9.048166593200508 7.1694942301287785 6.792714802903122 10.931143159116575 7.484614948628451 13.640072963781174 8.858112597931644 12.75629355956913 11.293766392433644 10.093052333666256 9.679226701243431 13.914319727464001 12.764230818544709 10.633864804081535 10.483865767048115 14.718829237199975 12.525460345840411 15.189946287876772 13.918894609592519 16.544264702967144 16.20954180353524 
10.202810795249347 7.333068079592417 10.607782043966882 4.6803228843750615 9.702861258440258 6.883171321190184 7.076600883604941 5.3350330633391625 3.53118116036194 7.668285402374553 7.690029714616827 7.499105519696788 3.0396558314459172 8.041431578322708 1.7415678202657783 6.84360983063158 10.015355947714223 5.996128740040592 6.576651346795852 6.06116048162977 0 9.326451051584689 8.273788127448446 8.126165078762075 6.171182816041946 6.7517054227972055 4.6803228843750615 4.441441397911782 9.156426309630731 9.74136318791684 6.490440055900694 10.137697406503616 5.9784108955552 9.850677691276303 8.071514920777306 10.612624213953728 8.843811290087158 10.256970054583432 9.993023335615971 11.193146820708987 9.05124962495691 9.745501006602485 9.589654222545786 9.927344037155974 11.950700968087249 10.92467112542781 11.548636115948089 10.822379293752759 10.731997408732678 11.018823997063272 12.571380964090753 11.8478819606343 11.389762435743409 11.56536188656324 13.61339019845237 12.686937760803993 14.19871555506451 13.561405651414113 15.416769631483021 15.200215702292455 
15.816673253982504 4.461095978354363 15.84661807629598 8.809432462545587 6.020938102769302 3.8313911144944264 12.690463342338099 11.245252670387815 9.354938577301084 3.53118116036194 4.809222829399337 4.4190413445547945 9.072982952861835 3.3879515217804745 10.115846061378953 2.482841220953109 12.720408164651575 6.516643461654696 5.936120854899436 6.437012775633036 9.326451051584689 0 10.978840344385796 7.809329767885642 6.7517054227972055 6.171182816041946 9.817079485074714 8.424191830544027 5.5196737112993475 6.285597991508972 11.394309586033643 5.172144837373994 10.637334764836277 5.517458395903782 12.446374532782222 8.634545199891669 6.674064296881899 6.706352297063788 10.527649445454987 8.992733489636803 7.34974341237582 7.155698201482529 10.847688134183919 7.797446518364465 13.548302077551458 9.175223422914513 12.692042252051026 11.289139812633616 10.21279917697709 9.899869926020482 13.844587036077534 12.726897469943149 10.78652854211349 10.684892828876151 14.67425903259345 12.622635080577602 15.15983049521192 13.958419129332238 16.504540108853842 16.181435812325134 
5.272748980627718 11.929050922259433 4.867777731910184 11.23896474828771 12.170057076373471 11.548279013603706 4.6803228843750615 6.421890704640839 9.809842226421313 12.274378530727066 12.367457135721923 12.203245241219188 10.420426662865138 11.71688676406572 9.122338651684998 11.663730576351142 1.7415678202657783 10.397482407672443 10.67448650398017 10.924335740379288 8.273788127448446 10.978840344385796 0 12.643256194218964 11.41816754556843 11.969569653282695 3.5934652430733847 5.3350330633391625 13.616460825428296 13.474173433399619 3.3879515217804745 13.184604984267404 4.6860395329606135 14.382426731958532 6.06636237454544 11.094207998732223 13.044924196741128 14.741544176224966 8.700651973021385 11.674730605487483 12.830709266416253 13.923076797464505 9.281174579776645 13.725232729733296 11.586036085844787 14.143993506532325 10.640860679068282 11.371478765943252 12.68387787869818 13.569262946377735 11.110686491106971 11.33410686550705 13.23200296323062 13.703851439776187 12.321039860454615 13.465630935436412 12.978804887465346 13.435369508048307 13.800367983461744 13.809028124450009 
16.164499669447956 4.879761064341609 16.56947091816549 9.228097548532832 7.4548943724691386 4.179217529959878 13.03828975780355 11.593079085853267 9.702764992766536 6.47656695657081 5.481004286518756 4.874907398392647 9.420809368327287 5.96586489070615 9.867732899027853 6.537873135679181 14.384824014484742 6.119725531854572 5.676718905974946 2.0650045971323046 8.126165078762075 7.809329767885642 12.643256194218964 0 3.726169506143733 3.2831628802641064 9.049790951145578 7.62409756069667 2.2896560565862947 2.128876377769378 10.612438807808855 2.7199337445479044 9.79245132669097 3.2941650297969445 11.558090885155035 7.521278553243723 5.012906496658664 4.567582983534299 9.491310091453652 7.809886722629919 5.7200132778452115 5.273512397700474 9.757346530743513 5.974389523196162 12.495177758313332 7.337189363752747 11.514709448695791 9.957982343679012 8.653617087265221 8.188938758280948 12.682326340522739 11.468846776900348 9.172003746514449 8.998558950011315 13.429274326384089 11.090467484846329 13.874982906435918 12.525460345840411 15.241895279237767 14.889392097797026 
13.841965173125201 6.552231512506985 14.006866859808138 6.7123637558770906 5.717484604660548 5.994098792825416 11.01733429054513 11.094207998732223 7.706256476951749 7.047686876876894 6.84903340095748 6.571345646802401 6.4081684657716105 6.688239072038136 7.706256476951749 7.8860608197292645 11.894319942392798 2.393556025710839 2.9740786324660986 4.619469532892511 6.171182816041946 6.7517054227972055 11.41816754556843 3.726169506143733 0 0.5805226067552595 9.089661096304667 10.612624213953728 6.015825562730027 5.855045883913111 9.799163422242314 6.446103250691637 9.017396553277806 7.020334535940678 10.823176785979712 5.93267658819893 8.739076002802397 7.350159355143245 8.326232613909768 5.352153981443671 9.260994264951957 7.121721312634962 7.74571000715451 7.512795242143978 10.871919918798916 8.744608079679256 11.200369927349275 9.966871568340963 9.228839638680697 9.177012996417998 12.333092428929216 11.305546612023093 9.858810030668373 9.876678175768836 13.223396277595636 11.51825765859161 13.7408086323363 12.705897926002319 15.058316578664016 14.763052521746822 
14.314656458858742 6.2605640665152755 14.498367357637811 7.29288636263235 5.519765937355245 5.683836142304399 11.467533649816913 11.674730605487483 8.286779083707009 6.817265785242106 6.559840400169335 6.259990949235544 6.98869107252687 6.107716465282876 8.286779083707009 7.305538212974005 12.428885743579203 2.9740786324660986 2.393556025710839 4.219764929330948 6.7517054227972055 6.171182816041946 11.969569653282695 3.2831628802641064 0.5805226067552595 0 8.509138489549407 10.250706309815186 5.5728189368504015 5.412039258033484 10.074905229640366 6.003096624812011 9.27969955595582 6.577327910061051 11.07555638924254 5.352153981443671 8.29606937692277 6.884833114575992 7.74571000715451 5.93267658819893 8.795668024384705 6.803323342574493 8.326232613909768 7.267789436641755 11.069638586104219 8.555668958886752 11.361775880909674 10.05859458439624 9.20413573876522 9.073843246811265 12.504357396432654 11.437540756858862 9.820377778978665 9.802698126326156 13.36916667397262 11.540400554287945 13.87439115443997 12.778680424858536 15.20334867825506 14.89702798964798 
8.866214223701103 11.31160861140478 8.461242974983568 9.08352189959261 11.726913578120326 10.857614648733707 8.273788127448446 9.122338651684998 8.211504044737001 11.646286626850351 11.664692716572493 11.467946533220651 6.990417874370504 10.94289400654445 6.421890704640839 10.763256389264512 5.3350330633391625 9.562333754456455 9.799163422242314 9.872405429220457 4.6803228843750615 9.817079485074714 3.5934652430733847 9.049790951145578 9.089661096304667 8.509138489549407 0 1.7415678202657783 10.624658246256493 10.47979120602322 2.482841220953109 9.79665346248693 1.298088011180139 10.994475210178058 3.3911920364022445 7.70625647695175 10.665252975748565 11.759110233354608 5.312700451240911 8.286779083707009 10.382220642209093 11.515245163351508 5.89322305799617 11.259254957258818 8.910865747701592 11.614727990811723 9.907835498056942 11.829343912895606 10.146751465581318 11.020188740112197 11.205923509237081 10.98336511410609 10.706917174963209 11.16452863153994 10.576516591168692 11.085959714443849 11.221883056822616 11.280606799309739 12.22275913660795 12.135450597034591 
10.607782043966882 10.087464157685837 10.202810795249347 8.071514920777306 10.618374599637953 9.604444954805414 10.015355947714223 8.273788127448446 6.490440055900694 10.439658774571878 10.41580691417406 10.201736449716622 5.9784108955552 9.683379200119074 4.6803228843750615 9.449694497425568 7.076600883604941 9.104315734541608 8.523793127786348 8.49856545130679 4.441441397911782 8.424191830544027 5.3350330633391625 7.62409756069667 10.612624213953728 10.250706309815186 1.7415678202657783 0 9.913753617282964 9.752973938466049 3.53118116036194 10.344031305244574 3.0396558314459172 10.918262590493615 4.6803228843750615 6.171182816041946 9.05124962495691 10.754646199895872 5.996128740040592 6.7517054227972055 8.843811290087158 9.927344037155974 6.576651346795852 9.745501006602485 9.702861258440258 10.256970054583432 10.43961904153144 11.724638514793421 9.156426309630731 9.850677691276303 9.800007591893426 9.241797293840312 9.774927242877913 10.137697406503616 10.887612998895138 10.56832475215029 11.496084625044677 11.124000681737094 12.6623735533896 12.478942068677226 
16.963285855188023 6.454458781673703 17.154651656627117 10.059643464177014 8.685293260561565 5.782104837118041 14.101383322804448 12.68387787869818 10.845158326280144 7.545919768469533 6.885627486952569 6.4090082455729505 9.547070315100004 6.734858889262037 10.146751465581318 5.842638932488878 15.049934556730111 8.409381588440866 7.966374962561241 3.773886988490641 9.156426309630731 5.5196737112993475 13.616460825428296 2.2896560565862947 6.015825562730027 5.5728189368504015 10.624658246256493 9.913753617282964 0 1.1134531541349777 10.228509303647822 2.2269063082699554 9.326570235076353 2.411541165315117 11.018576220286988 6.830652175471963 4.174847741216714 3.881268510311548 8.831408028196188 7.072413549246347 4.881954522403261 4.472249933240816 9.056049430813907 5.162325261282154 11.801220176718068 6.53670626353102 10.753759277958554 9.146938082217652 7.815558331823272 7.362827795987675 11.924110866251736 10.675225063853306 8.33617435169193 8.170251592598655 12.635111485929547 10.252408729404376 13.067638419039502 11.69184397580541 14.439145161626678 14.078859655573329 
17.552533714955977 6.436779129021194 17.757520968756996 10.440867547461293 8.91054772272814 5.750696832691299 14.60976906053497 13.164558388584688 11.274244295497956 7.678746984919819 6.922258773100809 6.401761719904454 10.04661668523579 6.923752790422043 10.706917174963209 5.964870053566871 15.215741253665398 7.653256479637891 7.139805985795603 3.6802027062870684 9.74136318791684 6.285597991508972 13.474173433399619 2.128876377769378 5.855045883913111 5.412039258033484 10.47979120602322 9.752973938466049 1.1134531541349777 0 10.086221911619145 1.1134531541349777 9.181703194843081 1.298088011180139 10.867685562258547 6.661226746390064 3.9063519411281016 3.3803299720209568 8.665610390836498 6.8892597683902155 4.609914660365004 4.116705310475743 8.880675171370836 4.820268029712646 11.625362295512332 6.16742082122439 10.556742351813089 8.921271626284476 7.536778530622354 7.041117165829287 11.727364682899896 10.461154599395869 8.038799345961705 7.852308584643815 12.419281954439189 9.971399567584026 12.842003633635883 11.433260625151114 14.216489713849167 13.850102709904743 
8.660700502408194 12.865566052913138 8.255729253690658 11.170762940275756 13.243029785643158 12.420752922602748 8.068274406155536 9.809842226421313 10.021621216262634 13.197457375705667 13.227611316029392 13.035155429703662 9.473259095323613 12.510520117359611 8.211504044737001 12.3411978481084 5.129519342046253 11.130602500580512 11.372377488890628 11.452914200481214 6.490440055900694 11.394309586033643 3.3879515217804745 10.612438807808855 9.799163422242314 10.074905229640366 2.482841220953109 3.53118116036194 10.228509303647822 10.086221911619145 0 9.79665346248693 1.298088011180139 10.994475210178058 2.678410852764965 7.70625647695175 11.989226925800985 11.759110233354608 5.312700451240911 8.286779083707009 11.609567173665488 12.464568704798571 5.89322305799617 12.435997358954362 8.198084564064313 12.60640774877056 9.907835498056942 11.829343912895606 10.845158326280144 11.84371659712731 10.687841506471674 11.10565724574807 11.330451390633213 11.866412763330429 9.893285997748718 11.280606799309739 10.551051024759449 11.085959714443849 11.390465955426954 11.38578348398356 
17.966001154747353 7.070724090062887 18.05238271617759 11.041854463900561 9.560905336287616 6.380667224678976 15.111279107639735 13.703851439776187 11.866412763330429 8.33651201193055 7.57117423026823 7.040250617955599 10.56832475215029 7.578081512352208 11.16452863153994 6.622635080577602 14.926172804533183 8.207059302216608 7.72314861149162 4.291752319980069 10.137697406503616 5.172144837373994 13.184604984267404 2.7199337445479044 6.446103250691637 6.003096624812011 9.79665346248693 10.344031305244574 2.2269063082699554 1.1134531541349777 9.79665346248693 0 8.49856545130679 1.1978217476911284 10.14387732278194 5.8796990704209495 2.9786349757754818 2.33922974711702 7.888663540892869 6.072184294668128 3.6687103038168205 3.101939522446663 8.076567939114565 3.809046303633211 10.815600784920697 5.146226338031468 9.701663460801294 8.02024009197756 6.5714599504595 6.035543331866673 10.871250101072755 9.575674374514682 7.052912763574238 6.847826797727041 11.528459581203068 8.998558950011315 11.935416187391073 10.483865767048115 13.313386448565662 12.938131486950404 
9.958788513588331 12.309215141699166 9.553817264870798 10.381609910772749 12.786728365632252 11.833865739121558 9.366362417335676 10.420426662865138 9.473259095323613 12.65398733392122 12.64372957180806 12.433581610506435 8.288505885550643 11.912751900540211 6.990417874370504 11.685762474925358 6.427607353226392 10.538886925530871 10.755098981239597 10.720789789768933 5.9784108955552 10.637334764836277 4.6860395329606135 9.79245132669097 9.017396553277806 9.27969955595582 1.298088011180139 3.0396558314459172 9.326570235076353 9.181703194843081 1.298088011180139 8.49856545130679 0 9.696387198997918 2.0931040252221056 6.4081684657716105 10.70329394304181 10.461022222174469 4.0146124400607714 6.98869107252687 10.311479162485348 11.166480693618432 4.595135046816031 11.137909347774222 7.612777736521453 11.30831973759042 8.609747486876802 10.531255901715468 9.547070315100004 10.54562858594717 9.907835498056942 9.80756923456793 10.04661668523579 10.56832475215029 9.278428579988553 10.137697406503616 9.927344037155974 10.137697406503616 10.92467112542781 10.837362585854452 
17.718291050578763 7.597846524680597 17.86082447007353 11.19266798531943 9.892168526518224 6.915129358260455 14.902544859641388 13.569262946377735 11.84371659712731 8.752132616652876 8.060486040271424 7.558752128122848 10.54562858594717 7.945212258609677 11.020188740112197 7.045150964972491 15.605622567536267 8.272855939021055 7.85884492532729 4.850825037373873 9.850677691276303 5.517458395903782 14.382426731958532 3.2941650297969445 7.020334535940678 6.577327910061051 10.994475210178058 10.918262590493615 2.411541165315117 1.298088011180139 10.994475210178058 1.1978217476911284 9.696387198997918 0 10.014905088810513 5.712964438449831 4.17645672346661 2.082241960840818 7.718735422752623 5.876259962532956 3.406388838481379 2.822586603966013 7.884881842830367 3.529693385152561 10.615689345947818 4.86933281004425 9.472947677136204 7.768147736501608 6.296966701228239 5.756190413386024 10.64091192809215 9.330008116384068 6.7746518921394285 6.568473879246392 11.278956510187582 8.721869305660665 11.678515460456444 10.21215724862315 13.057594594538745 12.678700104118434 
11.33911135517316 14.164220753286608 10.934140106455624 12.474713935994854 14.635271080835214 13.68690147939108 10.7466852589205 12.304825843047148 11.170762940275756 14.509351313990125 14.497326142290628 14.285227319845326 10.381609910772749 13.765702570909713 9.08352189959261 13.529314509642912 7.8079301948112185 12.39328763868751 12.606971036935969 12.537275604983726 8.071514920777306 12.446374532782222 6.06636237454544 11.558090885155035 10.823176785979712 11.07555638924254 3.3911920364022445 4.6803228843750615 11.018576220286988 10.867685562258547 2.678410852764965 10.14387732278194 2.0931040252221056 10.014905088810513 0 6.7123637558770906 11.19495597924102 10.76521751227995 4.3188077301662515 7.29288636263235 11.330324230300004 11.470675983723911 4.899330336921511 12.1855549103521 5.5196737112993475 12.07565505865955 8.198084564064313 10.835451191820948 10.059643464177014 11.19266798531943 8.009430653706708 9.395906311755441 10.440867547461293 11.041854463900561 9.764442885257237 9.990504780893572 8.650989731122259 9.481465601894692 9.411176684298546 9.438827216075012 
14.006866859808138 10.79487219962627 13.841965173125201 11.62257260704929 10.871919918798916 10.233142869019217 11.894319942392798 11.41816754556843 11.13148979069161 11.267231334169782 11.091674088076765 10.809690621747851 10.083257648037243 10.400974106279698 10.688452738443823 9.973220243573799 11.01733429054513 8.326232613909768 7.74571000715451 8.708918820654432 10.612624213953728 8.634545199891669 11.094207998732223 7.521278553243723 5.93267658819893 5.352153981443671 7.706256476951749 6.171182816041946 6.830652175471963 6.661226746390064 7.706256476951749 5.8796990704209495 6.4081684657716105 5.712964438449831 6.7123637558770906 0 8.160407719580784 5.139212460294124 2.393556025710839 0.5805226067552595 7.050047370102837 7.512795242143978 2.9740786324660986 7.001623564373643 5.717484604660548 7.350159355143245 6.688239072038136 6.7517054227972055 9.201047668437264 8.171963107858435 7.986327083218274 7.8860608197292645 8.087594514302285 6.974141360167307 8.980755590476353 7.594199318677394 9.502463657390852 8.530801367744235 10.815675891544732 10.524008445553022 
